3.356326416566197263e-02
4.715062765828614277e-01
7.690223740688870713e-01
8.890667823374097667e-01
8.407827934094433964e-01
6.299040918652378807e-01
2.932290258276311068e-01
-1.286064132048683473e-01
-5.701273567350927385e-01
-9.735245779040302416e-01
-1.271905087608881990e+00
-1.421561127009392633e+00
-1.386617148888344531e+00
-1.163900486477449814e+00
-7.824668342247476094e-01
-2.951223283054080215e-01
2.220692103729082767e-01
6.802712387418218265e-01
1.006199927883500100e+00
1.132188074353646545e+00
1.040297066308224272e+00
7.341972067720304862e-01
2.658891974818917703e-01
-2.911996408803204095e-01
-8.547517466000631448e-01
-1.329124778063163426e+00
-1.651252203894515436e+00
-1.768328293126764983e+00
-1.672494349615310627e+00
-1.368344444098281487e+00
-9.082814524617407459e-01
-3.397099971704972687e-01
2.531704442246684450e-01
8.124060073398733373e-01
1.258480094406682515e+00
1.550757786724112020e+00
1.655738821203450506e+00
1.563982133715704048e+00
1.298398294146598131e+00
8.953453195106948481e-01
4.135411676644190071e-01
-8.778431361485232454e-02
-5.447138141212609641e-01
-9.038403983932301600e-01
-1.128810328816992836e+00
-1.195436195654178579e+00
-1.098964974820295648e+00
-8.589122476759466496e-01
-4.996766500949064715e-01
-5.965975081479181485e-02
4.186294190249994496e-01
8.889381396707448646e-01
1.312811386792414270e+00
1.649880818428340001e+00
1.880634598656299783e+00
1.981304483249025639e+00
1.963206940455896943e+00
1.819457215580903231e+00
1.580862562778726721e+00
1.258561843418155801e+00
8.828179298227734062e-01
4.738679894532589199e-01
4.692006723822483155e-02
-3.818345956497798399e-01
-8.087925475781467810e-01
-1.216930440130334468e+00
-1.597696530307047169e+00
-1.924957936580570683e+00
-2.178181683390143508e+00
-2.315782041814195225e+00
-2.318236127526373203e+00
-2.158425939668886517e+00
-1.844438364093281546e+00
-1.391853847630263763e+00
-8.468544344488363462e-01
-2.688140939082934167e-01
2.784770625791967991e-01
7.320090263713212586e-01
1.047816811703724538e+00
1.203454382466752293e+00
1.198236698189681482e+00
1.062393849340158125e+00
8.326614576922307664e-01
5.650826738557382933e-01
3.067743464165904599e-01
9.865306374876360584e-02
-2.805296363156204245e-02
-6.796859027586626967e-02
-2.179077447381592633e-02
8.093537906739851906e-02
2.167472081334203826e-01
3.422623518119403130e-01
4.306430858907562831e-01
4.467532440233459856e-01
3.905792113595610848e-01
2.553842519577186332e-01
6.731497729020050058e-02
-1.541146628245899097e-01
-3.751147973600971186e-01
-5.682373498484738494e-01
-7.249180748032288957e-01
-8.324617548406993972e-01
-9.089111777462266506e-01
-9.567045535235675358e-01
-9.975567581629561920e-01
-1.027554292615550091e+00
-1.041756709355732058e+00
-1.014982625326162902e+00
-9.172361899437437849e-01
-7.132510979852000332e-01
-3.825429506431115012e-01
7.909894703618221279e-02
6.474159630891662687e-01
1.277759385654356539e+00
1.901211853846761946e+00
2.442525069652044412e+00
2.831025895223614697e+00
3.012573087144966077e+00
2.960431432389318385e+00
2.679353961086686997e+00
2.201891435522657314e+00
1.582476708617840178e+00
8.865661140774090399e-01
1.774403272793302344e-01
-4.823701605607850773e-01
-1.053430088321690494e+00
-1.493097616190049326e+00
-1.795169454378606311e+00
-1.942909978922801484e+00
-1.951094414581789893e+00
-1.827427236925430298e+00
-1.600167823650344046e+00
-1.301659016993079732e+00
-9.661375670469271038e-01
-6.407273858592998916e-01
-3.549189479529149538e-01
-1.487329418145292292e-01
-3.452700590635989636e-02
-2.592339140594926775e-02
-1.078579215412655695e-01
-2.676570534296148218e-01
-4.692622341046415735e-01
-6.830004331269637907e-01
-8.699286140288172708e-01
-1.002973555737646683e+00
-1.057023443440852972e+00
-1.016499748674283499e+00
-8.837140452080345376e-01
-6.617787959831612499e-01
-3.731846849279002454e-01
-4.103503239974676253e-02
3.018209772659437018e-01
6.272787374842334618e-01
9.088742702011929353e-01
1.127079923844258813e+00
1.273906049717636435e+00
1.352528558308870865e+00
1.370875614096427331e+00
1.347064303797644857e+00
1.287744644005786476e+00
1.210485352340821441e+00
1.110628668192733759e+00
9.900329585448488512e-01
8.383492805537985371e-01
6.508299729538070677e-01
4.272277352995762500e-01
1.692686277125774463e-01
-1.028102151836948058e-01
-3.745187279194725494e-01
-6.134290863510096781e-01
-8.036614211639790950e-01
-9.179453331206163247e-01
-9.531379842262788227e-01
-9.005352875065070206e-01
-7.742797183811861439e-01
-5.823705985315849043e-01
-3.461913632539020957e-01
-8.686899861819180613e-02
1.750033021166241820e-01
4.145084703029001671e-01
6.213499825776493957e-01
7.699651410813309615e-01
8.605552104359279753e-01
8.792749275892327576e-01
8.346870319336066046e-01
7.266138371928096973e-01
5.653075897691189899e-01
3.613357626351866303e-01
1.228920974562027202e-01
-1.393273758702820442e-01
-4.177590241280887406e-01
-7.002850332670600420e-01
-9.744207356936582798e-01
-1.224754883419166385e+00
-1.429145058165827598e+00
-1.565933207847864717e+00
-1.616740677838879536e+00
-1.565765444647274629e+00
-1.410906136269222566e+00
-1.155012961959632989e+00
-8.229418937142203294e-01
-4.386189546764032721e-01
-3.989149686021697949e-02
3.418949619111604776e-01
6.713598104877588346e-01
9.290166576123143338e-01
1.098652686183556826e+00
1.178438806166240083e+00
1.169175273696127615e+00
1.080041459488779276e+00
9.252258475465225951e-01
7.132359616787272705e-01
4.653748695155915382e-01
1.901289492340974552e-01
-8.506011299987396856e-02
-3.510313538284167145e-01
-5.788133986201372538e-01
-7.548799915687537387e-01
-8.607307952240337290e-01
-8.853654521390637022e-01
-8.270460361891109891e-01
-6.805139809405542639e-01
-4.636313194076639443e-01
-1.824134726976007481e-01
1.338491518433448102e-01
4.675226916160951651e-01
7.856740348507492699e-01
1.061354952118440664e+00
1.265535200753854950e+00
1.377112508419368497e+00
1.383641614500879857e+00
1.280740019965924681e+00
1.081555096037895458e+00
8.069132626986046386e-01
4.900678402312502180e-01
1.618017555845550903e-01
-1.432760635062424737e-01
-4.061996706115600375e-01
-6.097128357160047640e-01
-7.556453590991160096e-01
-8.461284729195011067e-01
-8.900170641306364150e-01
-8.918051513205831338e-01
-8.537485078684415862e-01
-7.728888246617561242e-01
-6.427733586137860389e-01
-4.609294187231017803e-01
-2.330033409042113757e-01
2.832627916970040585e-02
2.980446514897637234e-01
5.450237733816852836e-01
7.369144073741682455e-01
8.437738180756363393e-01
8.530224583939203242e-01
7.538202711436914338e-01
5.658495216718758547e-01
3.026548544814796071e-01
2.556890241179601495e-03
-3.090505383542013762e-01
-6.016680704542169966e-01
-8.512849295103072089e-01
-1.046295374634727438e+00
-1.171016662130399899e+00
-1.230773767791051965e+00
-1.215548055600610411e+00
-1.135637493983497670e+00
-9.861524070663778563e-01
-7.783992131766220846e-01
-5.158235807206914547e-01
-2.140297023755618477e-01
1.087219192469212614e-01
4.277786187819253017e-01
7.132297693440216024e-01
9.401574296012159548e-01
1.080083819412369861e+00
1.122929955377881983e+00
1.059812785005544766e+00
9.076669731156469245e-01
6.841167045274213487e-01
4.271610573504295294e-01
1.700939188360029164e-01
-4.892101847836779344e-02
-2.018875753597680345e-01
-2.750977616421003136e-01
-2.628357177570646575e-01
-1.816227033550703862e-01
-4.967204453245472467e-02
1.002183963905023401e-01
2.421326166890407083e-01
3.509746530905092365e-01
4.104796101080095960e-01
4.160949661745039774e-01
3.715942043088994451e-01
2.890185037288879322e-01
1.842474633203701473e-01
7.088307068472415873e-02
-3.704617031286423778e-02
-1.363816126478751001e-01
-2.214421082676439612e-01
-2.983035083350776273e-01
